678997
210713
556385
245004
129337
785545
622212
914066
629955
179016
782077
584151
122995
1110
523323
154233
239060
579029
53321
625153
649
156775
75145
345459
679021
967242
141863
104142
27378
214892
381307
630201
204217
586863
773659
382412
105421
745522
56748
68571
348203
295713
745023
286547
586039
387535
901897
106186
413393
152125
555510
482694
622614
117725
192981
406845
487729
863586
879882
21401
464703
922989
984073
937734
555875
650983
861239
414082
879288
199020
735452
315693
907292
595332
21660
387478
146004
508176
762751
659312
864590
648088
218242
859265
78425
701300
427946
653802
832504
455534
919814
415261
600878
131428
568092
641521
223323
140502
518566
265707
531870
412488
622164
159920
928611
828093
940542
821654
47178
283542
360740
714039
914903
696241
571017
371098
616252
588569
223005
967336
143891
741231
11070
139183
389792
409340
12761
766879
864992
836731
482587
359051
774109
747622
806993
323933
552463
355342
170924
487146
144073
369575
793032
96186
340383
888621
994822
31944
923140
765025
103362
51169
242626
171004
788641
119095
179036
692766
199978
785532
760280
355734
22753
851505
553422
847762
87558
626702
182880
218951
170576
231214
350055
303554
232282
249095
311753
325042
417740
997079
453677
565298
42247
227902
338739
854711
413879
444180
110188
580310
13742
775120
233928
668951
265154
75217
614535
195670
52289
868043
220038
192836
426759
185475
922261
727379
594875
628137
761045
330881
675034
342191
630437
429584
679490
633449
894439
617359
802380
116621
282866
138908
115303
198338
836367
703773
521644
341198
241835
290075
882696
502993
430361
53711
635020
646546
963452
884546
891923
14200
318939
605387
801758
598839
143197
196162
227515
480115
485675
706453
232861
294816
981251
838992
338744
446606
22343
704636
953236
417526
17632
719243
749967
725324
788845
318545
135114
841862
265226
235475
66589
498739
647045
6867
948784
324964
68569
662016
209568
717841
507011
750252
38031
216123
138799
989538
357019
457297
69938
148358
753812
351970
287504
873786
384288
361416
464228
737168
336070
746084
388649
851602
988396
398209
907605
758045
282541
442184
573052
587341
370061
805235
441802
419082
171273
97685
865313
838285
978604
631317
13359
430301
637394
504503
44280
494961
753965
698830
801951
715704
842055
710960
45356
917708
428966
850204
587133
319200
13357
587578
498059
39831
478646
827470
419326
873286
855405
252610
748235
595003
250541
783244
311015
104799
361113
944857
611229
933980
917318
115015
914165
10496
92982
248289
736452
518016
256039
854353
436884
671101
851146
252846
12870
667482
255085
259805
357663
317030
148162
133062
659835
181498
625396
927736
506774
401480
561967
977920
702989
690511
458648
640699
782867
352869
705806
575039
217559
489526
506487
438615
818607
255516
640970
917351
572771
290795
682783
67757
393581
430835
33388
629631
874436
935305
460329
88206
162465
770246
619031
611020
285662
672337
137974
282470
495656
818831
351246
786004
665265
125852
769958
816363
631244
335794
395081
989163
57910
948944
978997
442655
393016
374184
923896
772049
196824
453113
115904
416140
268106
238072
314096
128573
340223
795712
83944
856837
438341
201273
290081
839824
205630
443044
400114
689474
147971
509842
51050
234763
660826
750089
428073
389230
263952
656609
277170
706648
874884
923627
840819
383993
892724
794337
63833
72772
879094
689110
241441
37408
155985
45078
465354
141780
659443
203762
36569
965248
444468
138128
554661
511596
418955
670506
881536
433143
319128
83920
520069
570025
38969
146379
266802
247670
364106
536900
888954
393111
412075
860524
846979
408399
696410
210479
254270
950224
123911
616111
510790
680864
727339
449579
720080
484326
93110
168063
131604
706228
471909
593441
127572
93402
915099
978436
709720
87682
163442
897822
501035
971192
139769
391388
622981
731281
560707
140265
280980
369598
255740
749859
970498
351911
284438
531896
425044
138663
83304
270203
910424
615832
976850
649040
51440
710701
100860
477343
50251
645591
359255
114499
621083
283649
111827
94008
40777
753654
177133
98808
878904
692578
421366
81235
975073
961822
263584
999685
521811
824998
762380
414743
308940
902036
982937
514899
220886
779570
553602
18044
461712
708358
220357
285565
385147
471037
81945
772466
322992
190155
982012
135506
624191
287898
558888
826727
747974
942072
650127
577753
660070
38284
846899
806189
800927
835401
651998
594156
444501
367525
197690
549631
676451
277694
419226
661964
507278
585928
368585
339521
948124
771318
993404
535406
3273
878303
360950
385153
441207
752176
42144
341737
258951
758259
114122
40221
696917
205228
574422
677117
909708
666397
213381
846738
109697
864164
383761
502346
34597
175200
907394
98313
935421
959356
537727
489115
161848
848763
200124
527568
31171
976111
109008
863643
442191
536330
753563
192439
182864
4661
770580
718412
1574
910544
944629
415941
37212
969057
744547
235214
364869
51699
763235
900656
137047
701082
438443
714000
808499
419236
395723
231369
731646
18617
868209
540398
81502
596627
993040
216337
798798
431999
474154
8377
801028
974478
519424
376361
125447
237002
445877
608689
804965
451449
874846
418975
310592
898970
852688
851068
138214
383488
151412
787911
563835
771665
645548
301571
318393
260503
874534
310626
533161
11971
6266
439935
356476
969149
532516
5604
510289
321950
911275
672621
443071
854575
764299
304878
168192
888737
569867
772151
497559
217705
916153
482515
887104
447558
853434
520679
740331
818724
355776
554736
780101
620236
421295
603203
139815
497207
7412
249579
723164
362565
439425
273869
551443
655884
953452
492259
216139
645202
514516
178100
482807
219197
375054
619738
653445
341114
421975
295461
427799
221913
984878
554761
509870
556249
253790
16507
306581
422236
864365
413032
681153
211860
87952
837835
808172
24774
870796
861437
117223
974184
629240
117560
336017
520042
863456
564687
571408
758462
99351
426499
768304
795499
921174
316520
230478
44902
552339
154326
574037
286759
213753
813983
493697
781330
302973
714482
18698
666060
929454
563090
782138
463490
992642
745535
773984
171845
421250
675719
519321
905799
374199
785375
585053
185914
85398
180311
667499
312096
478739
632296
995445
739072
114405
93239
889674
129213
592943
264399
686982
172845
631426
177664
519466
399351
358282
94759
579429
559260
744788
727523
373166
913862
762241
855570
506889
887574
99699
446945
306965
563608
709487
704412
785768
144715
662485
13410
904746
127252
371316
529841
581482
857009
832740
39706
904429
957372
372259
499655
645421
915435
830224
215401
537571
317318
219982
673085
745099
485778
346892
570576
48705
22415
928161
866025
33284
660630
596639
902804
694141
933133
874264
161305
645535
635997
519500
459158
180669
833359
727247
63997
276981
135471
473539
201089
458112
700588
448237
950085
9102
449652
880897
53052
289431
889770
79187
325474
18974
29897
666916
104229
162079
10750
772896
393075
387165
902323
270425
520468
957597
179283
