226087
152362
216934
952769
127614
165344
422425
556345
560453
675143
955235
174324
90240
156299
196741
778504
28264
616710
806060
677625
772165
844936
345523
410600
353604
732847
75572
235082
902212
496760
32283
5375
543887
465230
883253
571554
631767
962664
961604
315877
422747
70687
578232
662831
482852
210856
131715
838696
898137
595248
703851
146821
268220
883555
647761
839417
475586
982963
455847
422429
87027
646037
24663
335812
388660
399565
337427
755100
615613
455631
288332
732744
667745
89093
935269
96629
888478
347704
357803
569052
343531
452525
626427
783533
552574
78914
21229
634173
510507
978940
742863
785248
823258
38211
437344
904375
544118
352305
505894
795866
389986
778381
608899
486722
863509
640759
299791
24146
652091
932906
327685
468573
667572
417705
422746
843654
193337
311017
979520
796033
409099
405090
199881
294558
95491
212912
344983
347465
397795
503720
387616
27998
355879
626184
957451
780580
222241
943424
393400
611078
884042
534891
63207
531121
19844
799680
242520
227684
496910
421278
945212
827204
544320
756622
604869
67613
350695
191400
867516
416283
735191
616527
450317
280876
38401
966753
792818
469761
714409
556743
191626
602493
624120
513495
440623
98695
883245
871789
195789
855214
627969
26003
481884
623056
562419
163567
239187
614989
843661
386815
453975
543808
58990
939205
826031
540976
544858
929947
984837
62920
919168
515556
275882
364681
630628
710143
612390
85250
962309
808721
254622
588121
575912
353732
256159
60272
423298
766415
257750
135935
555436
955979
86796
638059
308707
78810
553327
110306
663747
536059
458124
933124
909548
778599
392148
325988
62568
889157
720664
282719
853287
871858
77781
980457
628236
828295
553879
712850
352043
222104
172964
583737
314469
829880
746468
369673
115720
977920
175098
396246
449302
35829
245743
420530
935373
311750
50800
84512
240745
300642
262743
563174
610511
636585
16036
133506
205812
634682
556935
346147
402942
741183
235573
192408
903817
700964
837752
696073
407461
840723
877954
723722
931563
160829
251583
640417
79591
476396
374062
863473
301980
530369
294332
658028
84391
519230
101930
326280
669168
545932
730587
900335
419283
296331
918944
339920
432539
173805
329985
354352
123822
152874
956501
273586
281379
470184
340695
162334
227584
1220
953951
654018
962980
894456
192552
297560
155585
315249
684329
771681
12359
258551
394624
354453
182479
331318
331091
862491
167409
862335
889737
75323
705905
670942
354965
558634
657123
587153
169010
889464
40727
866612
432199
685123
126082
151753
338714
978671
720375
996057
532068
684007
548238
927432
415255
69610
400620
672010
214662
685021
639158
176083
748159
332899
222607
31461
523480
15724
960353
532041
887153
870550
191642
185464
141828
86107
635599
317279
835212
62309
623436
73492
138685
379780
430174
786160
152561
961495
401746
886690
844007
912685
209085
517023
983694
258351
815616
257598
826221
114930
283430
460370
6848
755699
644655
481149
955429
917232
876129
216683
111498
4118
795644
727933
950174
792499
195884
905303
436459
688048
666517
899534
66613
723427
384426
711632
126626
574423
720806
936785
789706
120692
771061
497376
202771
164217
198048
569522
669504
836563
480457
141671
605054
409713
854721
452976
299033
969479
673253
561737
334093
676479
550245
53474
179949
267682
140334
812579
632880
776358
618289
306260
913179
844413
679137
967503
236125
273237
20159
230563
636345
650242
951012
338632
321345
748858
900663
504663
271402
972314
846941
251101
491834
145081
369943
869817
4102
327971
454713
650888
164335
745694
599785
473526
793623
79755
857597
730494
844391
256871
519089
524876
891103
529754
309168
988
468665
368501
309826
846727
785734
790165
622709
280488
186750
469529
175603
823955
294896
975548
354766
778333
304923
146792
918648
555165
307686
462757
379368
407307
732224
956386
660170
910251
546926
576848
204033
104903
446343
154548
187949
921031
99494
625984
78172
76062
993654
533673
391629
271600
270760
522764
702041
119289
1273
781760
387877
476110
654329
601823
139492
197294
23481
936776
616930
982495
705648
55340
69630
315371
938665
28383
316742
903623
496448
741639
549835
463254
202661
950447
81023
401344
77501
472404
932818
538385
995558
666697
530030
141105
908340
86406
125904
615973
360436
712876
405755
541931
80310
1338
175021
189547
867200
61369
295257
250209
463665
119637
247555
743903
759999
257030
677023
389149
830899
721848
124120
117697
467484
622596
900793
812800
424279
734698
568213
308655
402766
918215
802823
243217
689510
490128
299573
914544
902765
970154
133800
304056
502918
724682
715442
756211
536279
444237
781207
476523
61452
300090
427879
349674
658186
72214
679826
346690
833206
791952
850318
764136
499224
612744
790837
106699
748280
755878
724383
424547
897260
642950
93901
626750
441984
56311
789523
639398
87270
26821
923881
332653
798254
349200
861603
29369
208453
815789
868565
86487
787515
811299
765176
155563
769340
48572
772631
623315
105142
978178
425683
485665
834188
623366
424467
906728
380457
816624
886471
673431
742013
396730
421660
340249
14203
133652
13251
567560
499363
579323
332271
203472
339435
21073
502657
30060
357889
554114
788965
164690
906355
457324
28026
685798
193886
130404
364491
136752
640503
384551
365897
792695
699020
737753
661512
598713
225616
819655
525630
3155
181567
995525
407976
150252
623961
838824
546180
135799
573676
401947
544227
532839
280925
910297
474827
917887
888661
459169
82883
287184
362420
848816
657148
154250
923996
223190
17851
417652
432678
726006
41346
446709
696786
842016
861814
22501
578245
882100
240951
643984
726779
289830
405521
815136
788452
670904
469001
696348
35883
989427
308045
309759
64111
919145
459678
915847
581356
238930
175560
12302
255387
416663
916861
202773
28931
258322
412299
86407
511408
177083
806802
931346
850079
764488
725067
853260
351995
525933
610349
543814
867431
49313
956079
626853
906852
850138
223264
532775
751902
466529
96349
648323
874297
708453
912514
333595
416673
199537
613109
224364
741571
287104
12465
324219
88489
330372
641125
553203
974256
424713
859450
170062
456744
902117
438450
930717
863577
727901
742750
295094
684265
425046
865425
555177
661814
530855
126077
922096
316168
868908
786583
989977
21891
680170
294344
877447
13465
944675
686806
758091
918259
360633
606127
721238
66802
52588
937488
993910
624057
851420
466146
363226
837654
883070
212220
742660
679640
752027
397026
240443
789362
881892
326935
622341
579822
16255
526556
589372
584754
228202
877452
508179
702127
105503
115568
852035
315632
696613
381976
264018
928266
879304
422252
54284
478833
760334
406286
575812
269478
774992
500660
122864
173154
409100
559210
659312
935250
653031
750857
197649
27197
31668
616159
863609
527536
600512
114932
322017
983425
5859
410966
500311
575264
617377
438544
121481
514067
363599
311935
809378
591868
151318
266663
274937
689533
555876
452727
510122
311308
112542
557728
390645
880240
738353
